1
0.01
5.891251564025879
6.923063113551942
18.413681030273438
2:19:41
5.155837535858154
15.194000000000003
34.76199722290039
0:1:56

2
0.01
4.433310508728027
21.867094609836187
44.20610046386719
2:16:1
3.8621439933776855
31.756
57.70199966430664
0:1:54

3
0.0097
3.764055013656616
31.98505737347278
56.785648345947266
2:15:37
3.3366715908050537
39.486000000000004
65.89199829101562
0:1:53

4
0.0097
3.3997561931610107
38.15037383885161
63.1545295715332
2:15:35
3.4461464881896973
46.11000000000001
71.6500015258789
0:1:53

5
0.009409
3.1507837772369385
42.61005786130926
67.35047149658203
2:16:2
2.860018730163574
50.024
75.40599822998047
0:1:54

6
0.009409
2.9666247367858887
45.95755276244237
70.42485809326172
2:16:7
2.538142442703247
52.902
77.69000244140625
0:1:54

7
0.00912673
2.8225507736206055
48.672265208204706
72.77950286865234
2:17:33
2.748159646987915
55.354000000000006
79.25599670410156
0:1:54

8
0.00912673
2.711765766143799
50.7115778036743
74.44611358642578
2:15:58
2.4656636714935303
56.60200000000001
80.49800109863281
0:1:54

9
0.008852928099999999
2.6106314659118652
52.67486596204867
76.03270721435547
3:6:27
3.3278276920318604
56.872
79.87799835205078
0:2:45

10
0.008852928099999999
2.5377283096313477
54.076790925773146
77.1702651977539
3:12:58
2.6049537658691406
58.926
81.74799346923828
0:2:48

11
0.008587340256999998
2.460615634918213
55.580576146591355
78.26763153076172
2:14:35
2.1369035243988037
61.38800000000001
83.98599243164062
0:01:56

12
0.008587340256999998
2.4001951217651367
56.812421799812206
79.16781616210938
2:15:24
2.135714530944824
61.524
83.92599487304688
0:01:54

13
0.008329720049289998
2.340967893600464
57.95489580983587
80.03195190429688
2:15:09
3.9208173751831055
60.522000000000006
82.0459976196289
0:01:54

14
0.008329720049289998
2.296196460723877
58.78140788827686
80.67543029785156
2:15:05
2.035870313644409
63.522
85.36399841308594
0:01:54

15
0.008079828447811297
2.243892192840576
59.85714586779085
81.41553497314453
2:15:06
2.0189104080200195
64.366
85.91199493408203
0:01:54

16
0.008079828447811297
2.2080061435699463
60.56587470642001
81.89791107177734
2:15:14
1.9588054418563843
64.724
86.50199890136719
0:01:54

17
0.007837433594376959
2.167916774749756
61.354374566313375
82.45318603515625
2:15:12
2.0536067485809326
64.712
85.88400268554688
0:01:54

18
0.007837433594376959
2.130849599838257
62.08675371750911
82.98714447021484
2:15:28
1.9239115715026855
65.858
87.03999328613281
0:01:54

19
0.00760231058654565
2.0956737995147705
62.80047800169689
83.49075317382812
2:15:16
1.988900065422058
66.41
87.00199890136719
0:01:54

20
0.00760231058654565
2.0662894248962402
63.43396294159934
83.83332824707031
2:15:09
1.9331496953964233
66.552
87.10800170898438
0:01:54

21
0.0073742412689492805
2.034883975982666
64.01062468827249
84.30024719238281
2:26:16
2.3293700218200684
66.244
86.55799865722656
0:02:47

22
0.0073742412689492805
2.0085134506225586
64.53491231041698
84.66531372070312
3:11:40
1.8509528636932373
67.322
87.97599792480469
0:02:49

23
0.007153014030880802
1.9785960912704468
65.19891630052913
85.04956817626953
3:12:02
1.8302266597747803
67.786
88.12799835205078
0:03:00

24
0.007153014030880802
1.9556952714920044
65.60362544461417
85.2989501953125
3:14:12
1.8538739681243896
68.256
88.3219985961914
0:02:49

25
0.006938423609954378
1.9290962219238281
66.15328056373603
85.65534210205078
3:16:36
1.8026927709579468
68.66600000000001
88.61199951171875
0:02:48

26
0.006938423609954378
1.9148553609848022
66.41085822535236
85.86686706542969
5:23:18
1.7931488752365112
68.56000000000002
88.59199523925781
0:01:52

27
0.006730270901655747
1.8886938095092773
67.01850734525632
86.19352722167969
2:16:41
1.7907013893127441
68.85
88.66799926757812
0:01:56

28
0.006730270901655747
1.8677984476089478
67.41174257532391
86.45555114746094
2:30:23
1.7652167081832886
69.352
89.04999542236328
0:02:24

29
0.006528362774606074
1.8469487428665161
67.83783847070679
86.72233581542969
2:43:34
1.7953333854675293
69.134
88.74199676513672
0:02:21

30
0.006528362774606074
1.82667875289917
68.24184513026015
86.9793701171875
2:42:54
1.7658772468566895
69.46000000000001
89.02399444580078
0:02:38

31
0.006332511891367892
1.8089805841445923
68.6106495093926
87.18246459960938
2:31:04
1.781570553779602
69.44800000000001
89.04399871826172
0:01:56

32
0.006332511891367892
1.7917373180389404
68.96306258278585
87.38837432861328
2:14:45
1.747399926185608
69.80000000000001
89.18199157714844
0:01:53

33
0.006142536534626855
1.7718156576156616
69.37588932590366
87.63689422607422
2:15:19
1.719261884689331
70.38600000000001
89.7719955444336
0:01:53

34
0.006142536534626855
1.756249189376831
69.70160798709301
87.82227325439453
2:15:22
1.7488384246826172
70.144
89.33000183105469
0:01:54

35
0.005958260438588049
1.7375237941741943
70.10311692386708
88.05198669433594
2:15:25
1.7279459238052368
70.4
89.59400177001953
0:01:53

36
0.005958260438588049
1.7241313457489014
70.34071280324892
88.2297134399414
2:15:21
1.7107094526290894
70.586
89.7919921875
0:01:53

37
0.005779512625430407
1.706528902053833
70.75564699996175
88.4388198852539
2:15:09
1.7144732475280762
70.89200000000001
89.71399688720703
0:01:53

38
0.005779512625430407
1.6943938732147217
70.97505633535674
88.56425476074219
2:14:58
1.7426929473876953
70.58800000000001
89.36000061035156
0:01:53

39
0.005606127246667494
1.678147315979004
71.27642219944785
88.7607192993164
2:14:59
1.7220202684402466
70.682
89.6259994506836
0:01:53

40
0.005606127246667494
1.6659783124923706
71.53259489200082
88.92369079589844
2:15:00
1.7137188911437988
70.96000000000001
89.76199340820312
0:01:54

41
0.005437943429267469
1.6493542194366455
71.89265724140569
89.0894775390625
2:15:16
1.6826761960983276
71.37800000000001
90.14399719238281
0:01:53

42
0.005437943429267469
1.639166235923767
72.14281978852094
89.20796203613281
2:15:14
1.7175732851028442
71.066
89.88199615478516
0:01:53

43
0.005274805126389445
1.6250783205032349
72.44410759877518
89.38459777832031
2:15:30
1.7939091920852661
70.72
89.49600219726562
0:01:54

44
0.005274805126389445
1.6107100248336792
72.70902232105573
89.54671478271484
2:15:24
1.6986701488494873
71.274
89.91600036621094
0:01:53

45
0.005116560972597762
1.5946738719940186
73.09890123613862
89.73997497558594
2:15:13
1.7079230546951294
71.318
90.11399841308594
0:01:54

46
0.005116560972597762
1.5894547700881958
73.16493478211662
89.76448822021484
2:15:26
1.6681991815567017
71.72800000000001
90.2439956665039
0:01:53

47
0.004963064143419829
1.574526071548462
73.48440913635771
89.9750747680664
2:15:07
1.6940470933914185
71.578
90.26399993896484
0:01:53

48
0.004963064143419829
1.5651230812072754
73.68063648220723
90.06202697753906
2:15:47
1.6861224174499512
71.468
90.13399505615234
0:01:54

49
0.004814172219117233
1.5525516271591187
73.9505466500464
90.18667602539062
2:15:45
1.767068862915039
71.28000000000002
89.68599700927734
0:01:54

50
0.004814172219117233
1.5440568923950195
74.1697998777677
90.28939819335938
2:15:42
1.6787210702896118
71.91400000000002
90.42399597167969
0:01:54

51
0.004669747052543716
1.5317630767822266
74.43729037666441
90.4241943359375
2:15:16
1.8082088232040405
71.10600000000001
89.7300033569336
0:01:53

52
0.004669747052543716
1.5216968059539795
74.6077599563523
90.54425048828125
2:15:03
1.6741451025009155
71.77600000000001
90.37999725341797
0:01:53

53
0.004529654640967404
1.5095404386520386
74.83926763645957
90.67108154296875
2:15:04
1.696736216545105
71.766
90.2239990234375
0:01:53

54
0.004529654640967404
1.5017565488815308
75.06679457088732
90.7421875
2:15:03
1.6646062135696411
72.07600000000001
90.50599670410156
0:01:53

55
0.004393765001738382
1.4884055852890015
75.37042399624717
90.87230682373047
2:15:25
1.6563934087753296
72.034
90.62599182128906
0:01:53

56
0.004393765001738382
1.4801965951919556
75.572349272187
90.95449829101562
2:15:22
1.6964751482009888
71.796
90.37999725341797
0:01:53

57
0.00426195205168623
1.4689500331878662
75.7739623327794
91.10967254638672
2:15:22
1.6676082611083984
72.092
90.52999877929688
0:01:53

58
0.00426195205168623
1.4622371196746826
75.94903708884165
91.1766357421875
4:08:01
1.6857273578643799
72.018
90.4000015258789
0:04:02

59
0.004134093490135643
1.451431155204773
76.1660267552942
91.30191040039062
3:39:49
1.6737416982650757
72.152
90.55599212646484
0:01:54

60
0.004134093490135643
1.443598985671997
76.30870916906227
91.34780883789062
2:16:07
1.6639782190322876
71.98800000000001
90.57799530029297
0:01:54

61
0.004010070685431574
1.4333515167236328
76.53920214929045
91.47683715820312
2:16:17
1.6851024627685547
72.248
90.43199920654297
0:01:54

62
0.004010070685431574
1.4271464347839355
76.68508477036951
91.5608139038086
2:16:32
1.7271888256072998
72.116
90.30199432373047
0:01:56

63
0.0038897685648686263
1.4143095016479492
76.99246077989834
91.66556549072266
2:16:19
1.6794191598892212
72.412
90.51799774169922
0:01:53

64
0.0038897685648686263
1.4097752571105957
77.06372393294552
91.70233154296875
2:15:03
1.7194454669952393
72.054
90.37599182128906
0:01:53

65
0.0037730755079225676
1.399752140045166
77.29819765885321
91.8301010131836
2:14:48
1.679653286933899
71.99000000000001
90.41199493408203
0:01:53

66
0.0037730755079225676
1.3940105438232422
77.41566868331763
91.8559341430664
2:14:56
1.7285394668579102
72.04
90.34000396728516
0:01:53

67
0.0036598832426848905
1.3852635622024536
77.63148754221737
91.96997833251953
2:15:06
1.6688611507415771
72.46400000000001
90.7699966430664
0:01:53

68
0.0036598832426848905
1.3757519721984863
77.81670929707056
92.03858184814453
2:15:17
1.6887794733047485
72.282
90.61399841308594
0:01:53

69
0.0035500867454043438
1.3673207759857178
77.97273891694057
92.14458465576172
2:15:17
1.7195289134979248
71.962
90.35199737548828
0:01:53

70
0.0035500867454043438
1.3616037368774414
78.15710207958838
92.19750213623047
2:15:06
1.694934368133545
72.172
90.61000061035156
0:01:53

71
0.0034435841430422135
1.3520269393920898
78.37042321570881
92.26923370361328
2:14:57
1.6807591915130615
72.428
90.58799743652344
0:01:53

72
0.0034435841430422135
1.346775770187378
78.42435841697453
92.3420639038086
2:15:02
1.6730989217758179
72.408
90.68399810791016
0:01:53

73
0.003340276618750947
1.337942123413086
78.67319404886327
92.42869567871094
2:15:06
1.681277871131897
72.63400000000001
90.73400115966797
0:01:53

74
0.003340276618750947
1.3336293697357178
78.76912221435613
92.4823989868164
2:15:08
1.6867386102676392
72.172
90.68199920654297
0:01:53

75
0.0032400683201884183
1.326070785522461
79.00328372491643
92.5136947631836
2:15:24
1.6873514652252197
72.72000000000001
90.7659912109375
0:01:54

76
0.0032400683201884183
1.3212803602218628
79.03044646014142
92.57247161865234
2:15:26
1.67943274974823
72.61800000000001
90.81599426269531
0:01:53

77
0.0031428662705827656
1.309761881828308
79.29028768302649
92.69915008544922
2:15:25
1.6779643297195435
72.526
90.80799865722656
0:01:53

78
0.0031428662705827656
1.3057582378387451
79.38231315667669
92.74380493164062
2:15:03
1.6718086004257202
72.55600000000001
90.84199523925781
0:01:53

79
0.0030485802824652825
1.2962349653244019
79.58252124820574
92.81568908691406
2:14:53
1.6780788898468018
72.64200000000001
90.70999908447266
0:01:53

80
0.0030485802824652825
1.2932461500167847
79.69843119593308
92.81771850585938
2:14:54
1.7028173208236694
72.304
90.47000122070312
0:01:53

81
0.0029571228739913237
1.2842259407043457
79.90496164824727
92.91661071777344
2:15:03
1.7202030420303345
72.38600000000001
90.58399963378906
0:01:53

82
0.0029571228739913237
1.281614899635315
80.00658774383042
92.93276977539062
2:15:18
1.7422394752502441
72.14600000000002
90.50399780273438
0:01:53

83
0.002868409187771584
1.2744650840759277
80.14841156539312
93.00005340576172
2:15:25
1.7051235437393188
72.452
90.52000427246094
0:01:54

84
0.002868409187771584
1.267906904220581
80.30288010852605
93.05671691894531
2:16:13
1.8487439155578613
72.00200000000001
89.87999725341797
0:01:53

85
0.0027823569121384365
1.260419487953186
80.46367101244412
93.14897918701172
2:15:52
1.7228515148162842
72.308
90.33799743652344
0:01:53

86
0.0027823569121384365
1.2582974433898926
80.49809275449648
93.14202880859375
2:15:36
1.7896538972854614
72.394
90.44400024414062
0:01:53

87
0.002698886204774283
1.2492109537124634
80.68815384723459
93.24857330322266
2:15:25
1.6988508701324463
72.47800000000001
90.62000274658203
0:01:53

88
0.002698886204774283
1.244322657585144
80.82443584638068
93.27378845214844
2:15:24
1.70167076587677
72.602
90.6780014038086
0:01:53

89
0.0026179196186310546
1.2394745349884033
80.93722364063389
93.3255386352539
2:15:31
1.7056525945663452
72.676
90.69400024414062
0:01:53

90
0.0026179196186310546
1.237018346786499
80.99966671011664
93.3330307006836
2:15:27
1.703513264656067
72.65
90.66799926757812
0:01:53

91
0.002539382030072123
1.2276769876480103
81.20814850835215
93.44496154785156
2:15:20
1.745728850364685
72.292
90.33199310302734
0:01:53

92
0.002539382030072123
1.223488450050354
81.33287853964394
93.46315002441406
2:15:05
1.7176026105880737
72.46600000000001
90.55999755859375
0:01:53

93
0.002463200569169959
1.2174956798553467
81.44363693413895
93.52848052978516
2:15:10
1.7153527736663818
72.428
90.66799926757812
0:01:53

94
0.002463200569169959
1.2133464813232422
81.58795847848094
93.56383514404297
2:15:10
1.7203352451324463
72.432
90.66199493408203
0:01:53

95
0.0023893045520948604
1.208806037902832
81.66164130047059
93.5904541015625
2:15:21
1.7737500667572021
72.22800000000001
90.4419937133789
0:01:53

96
0.0023893045520948604
1.2026749849319458
81.80682143701797
93.62870025634766
2:15:28
1.8161641359329224
72.196
90.14599609375
0:01:53

97
0.0023176254155320144
1.1981182098388672
81.94076182105846
93.68521118164062
2:15:31
1.8340532779693604
72.062
90.16799926757812
0:01:53

98
0.0023176254155320144
1.1949490308761597
81.97861793193238
93.68700408935547
2:27:24
1.700955867767334
72.416
90.55999755859375
0:01:53

99
0.002248096653066054
1.1890820264816284
82.12239309941639
93.75584411621094
2:14:53
1.8224315643310547
72.10600000000001
90.33799743652344
0:01:53

100
0.002248096653066054
1.18295419216156
82.25328938381959
93.82664489746094
2:14:55
1.701612949371338
72.59
90.6780014038086
0:01:53

