1
0.01
5.557797431945801
7.140755264536161
18.712392807006836
3:51:07
4.8380446434021
13.170000000000002
32.66599655151367
0:03:58

2
0.01
4.201182842254639
20.566561580184317
42.34896469116211
3:51:11
3.527623414993286
28.560000000000002
55.02799606323242
0:04:00

3
0.0097
3.5898754596710205
29.55976855476296
53.894615173339844
3:50:57
3.16191029548645
35.364000000000004
61.74799728393555
0:04:08

4
0.0097
3.237797260284424
35.26589429793306
60.30009841918945
3:52:20
2.9088423252105713
39.32600000000001
66.11199951171875
0:04:20

5
0.009409
2.9905669689178467
39.53239507417847
64.6046142578125
3:52:29
2.661827802658081
44.498000000000005
70.58399963378906
0:04:39

6
0.009409
2.820218086242676
42.609745645961844
67.49869537353516
3:51:35
2.617015838623047
45.830000000000005
71.66199493408203
0:04:50

7
0.00912673
2.6814968585968018
45.19684006846882
69.78153228759766
3:50:58
2.3660595417022705
50.09
75.26799774169922
0:04:49

8
0.00912673
2.5771121978759766
47.14545410551474
71.47421264648438
3:52:09
2.4032254219055176
48.986000000000004
74.79199981689453
0:04:52

9
0.008852928099999999
2.481869697570801
48.93046730051586
73.0494155883789
3:51:43
2.1936886310577393
53.124
77.98999786376953
0:04:52

10
0.008852928099999999
2.408910036087036
50.28298418551211
74.15489196777344
3:51:42
2.057433843612671
56.14
80.02399444580078
0:04:53

11
0.008587340256999998
2.3392820358276367
51.663366290265046
75.25568389892578
3:51:50
2.0692384243011475
55.92
79.9020004272461
0:04:53

12
0.008587340256999998
2.282702684402466
52.793820009413295
76.17390441894531
3:51:59
1.969043254852295
58.30200000000001
81.56200408935547
0:04:55

13
0.008329720049289998
2.227376937866211
53.87845612632858
76.98816680908203
3:51:46
1.9379433393478394
58.672000000000004
81.85600280761719
0:04:57

14
0.008329720049289998
2.183199882507324
54.76959678168421
77.68572998046875
3:50:40
1.9393808841705322
58.76800000000001
81.96600341796875
0:05:00

15
0.008079828447811297
2.1407418251037598
55.564731217710104
78.34294128417969
3:50:06
1.8709688186645508
60.074000000000005
82.92799377441406
0:05:05

16
0.008079828447811297
2.103672742843628
56.344801263223296
78.89501953125
3:50:26
1.9498790502548218
58.098000000000006
81.843994140625
0:05:13

17
0.007837433594376959
2.066584348678589
57.060242731821845
79.45864868164062
3:49:54
1.782056212425232
61.838
84.3239974975586
0:05:21

18
0.007837433594376959
2.034639596939087
57.70535769341546
79.9024658203125
3:48:49
1.8372963666915894
60.69800000000001
83.5979995727539
0:05:21

19
0.00760231058654565
2.0028910636901855
58.31363124401425
80.3908462524414
3:48:27
1.7622110843658447
62.468
84.61799621582031
0:05:19

20
0.00760231058654565
1.9755860567092896
58.90262549691025
80.7618408203125
3:49:20
1.7251110076904297
63.09400000000001
85.05400085449219
0:05:20

21
0.0073742412689492805
1.9481455087661743
59.50434252521334
81.15452575683594
3:49:32
1.733107328414917
62.79800000000001
84.94400024414062
0:05:20

22
0.0073742412689492805
1.9249027967453003
59.95783531733178
81.4926528930664
3:48:49
1.7207252979278564
63.416000000000004
85.39199829101562
0:05:21

23
0.007153014030880802
1.8977326154708862
60.4896161078142
81.90142059326172
3:48:50
1.6955907344818115
63.96000000000001
85.53800201416016
0:05:20

24
0.007153014030880802
1.8803762197494507
60.876763138607224
82.20543670654297
3:49:12
1.6759974956512451
64.1
86.00599670410156
0:05:21

25
0.006938423609954378
1.8541438579559326
61.423764427276076
82.5485610961914
3:49:20
1.6802724599838257
64.332
86.08799743652344
0:05:20

26
0.006938423609954378
1.8398475646972656
61.692113518378164
82.70943450927734
3:49:01
1.630811095237732
65.178
86.53599548339844
0:05:20

27
0.006730270901655747
1.8152904510498047
62.18822370541858
83.06793212890625
3:48:54
1.6270188093185425
65.236
86.69599914550781
0:05:21

28
0.006730270901655747
1.8033071756362915
62.47452517899696
83.23161315917969
3:49:00
1.6157797574996948
65.706
86.77799987792969
0:05:21

29
0.006528362774606074
1.780720591545105
62.92450554845699
83.55975341796875
3:49:04
1.6067532300949097
65.75200000000001
86.97799682617188
0:05:20

30
0.006528362774606074
1.7679966688156128
63.12003040977484
83.74552154541016
3:49:17
1.6034700870513916
65.99400000000001
87.03800201416016
0:05:20

31
0.006332511891367892
1.7477762699127197
63.554009742679916
84.0466537475586
3:48:45
1.6091136932373047
66.032
86.91799926757812
0:05:20

32
0.006332511891367892
1.734117031097412
63.89572944042424
84.24124145507812
3:48:27
1.567977786064148
66.662
87.64399719238281
0:05:20

33
0.006142536534626855
1.7163008451461792
64.28748164759162
84.47735595703125
3:48:43
1.5768635272979736
66.59
87.2439956665039
0:05:21

34
0.006142536534626855
1.7031036615371704
64.52773135742648
84.650634765625
3:48:45
1.5779013633728027
66.788
87.40799713134766
0:05:19

35
0.005958260438588049
1.6868726015090942
64.84658128097274
84.88018798828125
3:48:53
1.559892177581787
67.152
87.62799835205078
0:05:20

36
0.005958260438588049
1.6790884733200073
65.04756991087032
84.971435546875
3:49:45
1.5364959239959717
67.358
87.97799682617188
0:05:21

37
0.005779512625430407
1.6607844829559326
65.43440472631593
85.20661163330078
3:49:53
1.557875394821167
67.152
87.61199951171875
0:05:20

38
0.005779512625430407
1.6536091566085815
65.52198113126548
85.34008026123047
3:49:46
1.5291149616241455
67.682
88.20799255371094
0:05:20

39
0.005606127246667494
1.639884114265442
65.91966543003372
85.47035217285156
3:48:38
1.51678466796875
67.94200000000001
88.13999938964844
0:05:19

40
0.005606127246667494
1.6287895441055298
66.1196393600522
85.62966918945312
3:48:24
1.5220531225204468
68.046
88.21399688720703
0:05:22

41
0.005437943429267469
1.6151447296142578
66.41249735592628
85.83221435546875
3:49:59
1.5011250972747803
68.61
88.4219970703125
0:05:21

42
0.005437943429267469
1.6056283712387085
66.59561165718443
85.97403717041016
3:49:46
1.510388970375061
68.07000000000001
88.35199737548828
0:05:21

43
0.005274805126389445
1.593421459197998
66.82969511390787
86.12366485595703
3:48:16
1.4932541847229004
68.432
88.4739990234375
0:05:21

44
0.005274805126389445
1.5826152563095093
67.05097774138734
86.25604248046875
3:47:49
1.5634758472442627
67.008
87.71399688720703
0:05:19

45
0.005116560972597762
1.5732250213623047
67.25360550185884
86.3935775756836
3:48:58
1.4895979166030884
68.558
88.68799591064453
0:05:19

46
0.005116560972597762
1.5637058019638062
67.50790490232733
86.52283477783203
3:48:50
1.482890009880066
68.76
88.63799285888672
0:05:24

47
0.004963064143419829
1.553130865097046
67.7050688942191
86.66059875488281
3:48:45
1.5078301429748535
68.518
88.47599792480469
0:05:20

48
0.004963064143419829
1.5449191331863403
67.85095151529816
86.73865509033203
3:48:40
1.4832175970077515
68.932
88.66199493408203
0:05:20

49
0.004814172219117233
1.534637689590454
68.12679377473819
86.91435241699219
3:49:09
1.4807398319244385
69.02600000000001
88.77399444580078
0:05:20

50
0.004814172219117233
1.5273865461349487
68.25589482089376
87.02323150634766
3:49:03
1.5232582092285156
68.062
88.29399871826172
0:05:20

51
0.004669747052543716
1.515143632888794
68.52728801163315
87.13134002685547
3:48:26
1.4702506065368652
69.03200000000001
88.83399963378906
0:05:19

52
0.004669747052543716
1.507688045501709
68.6944793301732
87.26114654541016
3:48:10
1.4752782583236694
69.242
88.86199951171875
0:05:19

53
0.004529654640967404
1.4993146657943726
68.86549528671905
87.3480224609375
3:49:02
1.4695085287094116
69.11600000000001
89.01599884033203
0:05:21

54
0.004529654640967404
1.4922813177108765
69.00685078526064
87.46440124511719
3:49:19
1.4578615427017212
69.578
89.19400024414062
0:05:20

55
0.004393765001738382
1.4827631711959839
69.23312885829873
87.56492614746094
3:48:43
1.4627224206924438
69.518
89.12999725341797
0:05:20

56
0.004393765001738382
1.4767855405807495
69.36745951152348
87.63229370117188
3:48:03
1.4635077714920044
69.358
89.01399993896484
0:05:21

57
0.00426195205168623
1.4667880535125732
69.54721749779694
87.75444793701172
3:48:38
1.4688490629196167
69.50200000000001
88.93399810791016
0:05:22

58
0.00426195205168623
1.4594539403915405
69.72198003851176
87.90555572509766
3:48:35
1.4515129327774048
69.66000000000001
89.16199493408203
0:05:19

59
0.004134093490135643
1.451741099357605
69.92125148399857
87.94676971435547
3:48:30
1.4694777727127075
69.606
89.25199890136719
0:05:20

60
0.004134093490135643
1.4480174779891968
69.98837778369253
88.00835418701172
3:48:32
1.4659332036972046
69.78200000000001
89.25599670410156
0:05:19

61
0.004010070685431574
1.4373255968093872
70.22331983262136
88.13800048828125
3:48:54
1.4485561847686768
69.93400000000001
89.31600189208984
0:05:20

62
0.004010070685431574
1.4314266443252563
70.33509292699547
88.2392349243164
3:49:04
1.5038949251174927
69.00200000000001
88.88799285888672
0:05:21

63
0.0038897685648686263
1.423327922821045
70.50673331423616
88.32759094238281
3:48:47
1.4531618356704712
69.81
89.30999755859375
0:05:20

64
0.0038897685648686263
1.4164131879806519
70.68524243911996
88.42671966552734
3:47:55
1.45388662815094
69.818
89.2719955444336
0:05:18

65
0.0037730755079225676
1.4110921621322632
70.75736418437253
88.52296447753906
3:48:30
1.452864646911621
69.95
89.35600280761719
0:05:25

66
0.0037730755079225676
1.4066067934036255
70.84119400515311
88.53131866455078
3:49:20
1.442269206047058
70.128
89.44999694824219
0:05:20

67
0.0036598832426848905
1.3984404802322388
71.06380354785911
88.63715362548828
3:49:05
1.438392162322998
70.138
89.48999786376953
0:05:20

68
0.0036598832426848905
1.3912439346313477
71.2035979696636
88.72200012207031
3:48:10
1.445127010345459
70.248
89.48799896240234
0:05:19

69
0.0035500867454043438
1.3868671655654907
71.2902377285709
88.75181579589844
3:48:16
1.4392796754837036
70.34800000000001
89.57799530029297
0:05:20

70
0.0035500867454043438
1.3809500932693481
71.44642345611462
88.82315826416016
3:48:58
1.4503779411315918
70.174
89.35399627685547
0:05:26

71
0.0034435841430422135
1.3725812435150146
71.62368371960876
88.96256256103516
3:48:51
1.4407341480255127
70.29
89.55999755859375
0:05:20

72
0.0034435841430422135
1.3681765794754028
71.71336757815335
88.98363494873047
3:48:30
1.4390450716018677
70.376
89.62000274658203
0:05:20

73
0.003340276618750947
1.3624622821807861
71.82701396461195
89.0717544555664
3:48:26
1.4409679174423218
70.41400000000002
89.54399871826172
0:05:20

74
0.003340276618750947
1.3592357635498047
71.93301107505891
89.13264465332031
3:49:15
1.4408743381500244
70.45400000000001
89.51399993896484
0:05:20

75
0.0032400683201884183
1.348949909210205
72.09723634779853
89.23575592041016
3:49:18
1.426324486732483
70.54400000000001
89.73999786376953
0:05:20

76
0.0032400683201884183
1.346488118171692
72.21213159564678
89.25174713134766
3:47:56
1.438763976097107
70.39200000000001
89.47000122070312
0:05:19

77
0.0031428662705827656
1.3394155502319336
72.36995645376442
89.37750244140625
3:47:57
1.4272563457489014
70.55
89.71599578857422
0:05:20

78
0.0031428662705827656
1.335610270500183
72.46908482656828
89.40950012207031
3:49:09
1.4350967407226562
70.63600000000001
89.69400024414062
0:05:20

79
0.0030485802824652825
1.3285850286483765
72.6210556469219
89.46662902832031
3:49:16
1.4320993423461914
70.63600000000001
89.65799713134766
0:05:21

80
0.0030485802824652825
1.3240665197372437
72.71027118244538
89.5741195678711
3:48:26
1.4289519786834717
70.53200000000001
89.65999603271484
0:05:25

81
0.0029571228739913237
1.3184922933578491
72.8072921016542
89.62141418457031
3:48:04
1.435096263885498
70.49000000000001
89.6500015258789
0:05:20

82
0.0029571228739913237
1.3136042356491089
72.92671447203995
89.64912414550781
3:48:34
1.4439753293991089
70.296
89.70800018310547
0:05:21

83
0.002868409187771584
1.3090543746948242
73.02568673717009
89.70790100097656
3:48:21
1.4453608989715576
70.476
89.57799530029297
0:05:21

84
0.002868409187771584
1.304800033569336
73.12746894042698
89.76651763916016
3:48:32
1.4507732391357422
70.28800000000001
89.70600128173828
0:05:20

85
0.0027823569121384365
1.300808310508728
73.26812195443685
89.81428527832031
3:48:28
1.4399466514587402
70.56400000000001
89.61799621582031
0:05:19

86
0.0027823569121384365
1.297078251838684
73.32674038591378
89.86376953125
3:48:37
1.4442353248596191
70.428
89.69000244140625
0:05:20

87
0.002698886204774283
1.2910722494125366
73.47207663013488
89.93316650390625
3:48:39
1.4533917903900146
70.476
89.53799438476562
0:05:20

88
0.002698886204774283
1.2860914468765259
73.55496980487321
89.96649169921875
3:48:22
1.4326679706573486
70.49000000000001
89.56600189208984
0:05:20

89
0.0026179196186310546
1.2795515060424805
73.72614186909279
90.05531311035156
3:47:55
1.4469897747039795
70.63000000000001
89.62999725341797
0:05:21

90
0.0026179196186310546
1.2773829698562622
73.78850688473868
90.09012603759766
3:48:46
1.4409576654434204
70.388
89.68000030517578
0:05:20

91
0.002539382030072123
1.2724794149398804
73.89770420249663
90.13477325439453
3:49:00
1.4529597759246826
70.38600000000001
89.65199279785156
0:05:20

92
0.002539382030072123
1.2691656351089478
73.95343464200998
90.17731475830078
3:48:37
1.4337341785430908
70.928
89.75399780273438
0:05:20

93
0.002463200569169959
1.2635587453842163
74.08714086453992
90.24748229980469
3:47:55
1.4491339921951294
70.58800000000001
89.83000183105469
0:05:19

94
0.002463200569169959
1.2599523067474365
74.15871623293451
90.29899597167969
3:48:06
1.4425455331802368
70.62400000000001
89.65599822998047
0:05:21

95
0.0023893045520948604
1.254693627357483
74.26393280501293
90.33513641357422
3:48:59
1.4396302700042725
70.69800000000001
89.75399780273438
0:04:59

96
0.0023893045520948604
1.2503221035003662
74.38788229793619
90.40702819824219
3:50:16
1.429971694946289
70.89800000000001
89.89399719238281
0:04:29

97
0.0023176254155320144
1.2450350522994995
74.46648251164758
90.47673034667969
3:51:02
1.4566513299942017
70.676
89.63600158691406
0:04:10

98
0.0023176254155320144
1.2456104755401611
74.53368686517838
90.45455932617188
3:51:25
1.442049503326416
70.78800000000001
89.8479995727539
0:03:55

99
0.002248096653066054
1.2393460273742676
74.60253034928311
90.535888671875
3:52:06
1.4373329877853394
70.89200000000001
89.87999725341797
0:03:43

100
0.002248096653066054
1.235864520072937
74.7036100680083
90.57398223876953
3:52:07
1.4299712181091309
70.706
89.81199645996094
0:03:34

