1
0.01
5.929487705230713
4.134199522778841
12.439908027648926
3:50:55
5.5218353271484375
9.736
25.720001220703125
0:04:03

2
0.01
4.652250289916992
14.259109077895388
33.36247253417969
3:50:52
4.0613017082214355
21.594
45.30799865722656
0:04:04

3
0.0097
3.9814109802246094
22.99067959134133
46.3756103515625
3:50:45
3.3933234214782715
30.620000000000005
57.31999969482422
0:04:10

4
0.0097
3.579244613647461
29.118530215030514
54.09107208251953
3:52:11
3.556633949279785
30.200000000000003
55.87399673461914
0:04:21

5
0.009409
3.3047304153442383
33.70364675331163
59.11555480957031
3:52:22
2.8048574924468994
41.71
68.13399505615234
0:04:40

6
0.009409
3.1098403930664062
37.09141743426111
62.569671630859375
3:51:35
2.6512436866760254
43.822
70.69400024414062
0:04:50

7
0.00912673
2.9540505409240723
39.85881621989951
65.28641510009766
3:50:59
2.50923752784729
46.878
72.7959976196289
0:04:49

8
0.00912673
2.8365209102630615
42.03714269880508
67.32955169677734
3:52:12
2.7109615802764893
44.95
70.52799987792969
0:04:52

9
0.008852928099999999
2.7321674823760986
43.99965031881089
69.04696655273438
3:51:47
2.3074562549591064
50.834
76.29399871826172
0:04:53

10
0.008852928099999999
2.6478772163391113
45.54121359666616
70.44381713867188
3:51:47
2.2408111095428467
52.260000000000005
77.4679946899414
0:04:54

11
0.008587340256999998
2.57090425491333
47.060453477181355
71.73950958251953
3:51:58
2.2317395210266113
52.756
77.73199462890625
0:04:58

12
0.008587340256999998
2.5105843544006348
48.205425209984334
72.64767456054688
3:52:11
2.182018756866455
53.508
78.31599426269531
0:05:01

13
0.008329720049289998
2.447145938873291
49.48098101184311
73.66252899169922
3:52:03
2.048116445541382
56.15800000000001
80.37200164794922
0:05:08

14
0.008329720049289998
2.400036334991455
50.35760365354399
74.42854309082031
3:51:06
1.999231219291687
57.10200000000001
81.03799438476562
0:05:16

15
0.008079828447811297
2.3485422134399414
51.39002175360433
75.21649932861328
3:50:45
1.9304101467132568
58.67400000000001
82.26799774169922
0:05:30

16
0.008079828447811297
2.3105735778808594
52.10866342951387
75.82423400878906
3:51:26
1.919245719909668
58.94600000000001
82.37199401855469
0:05:51

17
0.007837433594376959
2.2696428298950195
52.91472540269926
76.4684829711914
3:51:28
1.9411144256591797
58.55600000000001
82.03399658203125
0:06:02

18
0.007837433594376959
2.2338969707489014
53.59316935262929
76.99144744873047
3:50:58
1.8346483707427979
60.73400000000001
83.56399536132812
0:06:02

19
0.00760231058654565
2.2010345458984375
54.389708757718545
77.4656982421875
3:50:32
1.787739634513855
61.684000000000005
84.2959976196289
0:05:51

20
0.00760231058654565
2.172043800354004
54.90907898814128
77.93113708496094
3:51:19
1.790531873703003
61.53000000000001
84.33199310302734
0:05:46

21
0.0073742412689492805
2.1384596824645996
55.53819291317994
78.44574737548828
3:51:16
1.7755415439605713
61.86000000000001
84.55000305175781
0:06:08

22
0.0073742412689492805
2.111710548400879
56.09026770124426
78.82571411132812
3:51:01
1.7453004121780396
62.79800000000001
85.03599548339844
0:06:02

23
0.007153014030880802
2.0849602222442627
56.69377996779499
79.23042297363281
3:50:57
1.731048583984375
63.148
84.95999908447266
0:06:06

24
0.007153014030880802
2.063904285430908
57.112148533329375
79.55543518066406
3:51:26
1.721295952796936
63.156
85.27799987792969
0:06:05

25
0.006938423609954378
2.041605234146118
57.5301268296795
79.90589904785156
3:51:27
1.8482064008712769
61.87600000000001
84.33199310302734
0:06:02

26
0.006938423609954378
2.01889705657959
58.007660203548795
80.24652862548828
3:50:59
1.7483878135681152
62.64000000000001
84.94599914550781
0:05:36

27
0.006730270901655747
1.9943201541900635
58.51922505028618
80.57091522216797
3:50:33
1.6910101175308228
63.916000000000004
85.81800079345703
0:06:09

28
0.006730270901655747
1.9815441370010376
58.77649049655509
80.78096008300781
3:51:15
1.761966347694397
63.322
85.28199768066406
0:06:01

29
0.006528362774606074
1.9578245878219604
59.29211414280886
81.1172866821289
3:51:13
1.69908607006073
64.292
85.80599975585938
0:06:06

30
0.006528362774606074
1.9411898851394653
59.64398083934414
81.34529113769531
3:51:24
1.6498055458068848
64.73400000000001
86.22999572753906
0:06:04

31
0.006332511891367892
1.9219539165496826
59.99537921285828
81.59545135498047
3:50:45
1.7520076036453247
63.848000000000006
85.75599670410156
0:06:08

32
0.006332511891367892
1.9079076051712036
60.30337965308191
81.79635620117188
3:50:49
1.6267459392547607
65.51
86.7760009765625
0:06:06

33
0.006142536534626855
1.8908941745758057
60.661568710402314
82.03692626953125
3:50:39
1.5978310108184814
66.02
87.14199829101562
0:05:53

34
0.006142536534626855
1.8765277862548828
60.999854039325086
82.2802963256836
3:50:48
1.6125198602676392
65.906
87.00199890136719
0:06:06

35
0.005958260438588049
1.8595153093338013
61.344305621359275
82.47113800048828
3:51:14
1.6102908849716187
65.936
86.99800109863281
0:05:35

36
0.005958260438588049
1.8471578359603882
61.61413773536159
82.6680679321289
3:51:32
1.59783935546875
66.236
87.24600219726562
0:06:03

37
0.005779512625430407
1.8280048370361328
62.0158808336462
82.93891906738281
3:51:53
1.563417673110962
66.89
87.5979995727539
0:06:04

38
0.005779512625430407
1.8189648389816284
62.2195232939968
83.03726196289062
3:51:39
1.5961040258407593
66.35000000000001
87.31999969482422
0:06:07

39
0.005606127246667494
1.806742787361145
62.42800509223232
83.23114776611328
3:50:45
1.5751193761825562
66.932
87.65799713134766
0:06:08

40
0.005606127246667494
1.7932652235031128
62.71016971245748
83.39981842041016
3:51:05
1.5469169616699219
67.346
88.00399780273438
0:06:05

41
0.005437943429267469
1.7812554836273193
62.94074074652251
83.61875915527344
3:52:06
1.5338488817214966
67.572
88.16999816894531
0:06:05

42
0.005437943429267469
1.769758701324463
63.22532503569012
83.74825286865234
3:51:31
1.5474610328674316
67.408
87.90599822998047
0:06:07

43
0.005274805126389445
1.755682349205017
63.47548758280537
83.90771484375
3:50:13
1.5286673307418823
67.82400000000001
88.20600128173828
0:06:07

44
0.005274805126389445
1.7474197149276733
63.72229381493592
84.0133285522461
3:50:21
1.5295500755310059
67.94800000000001
88.22000122070312
0:06:06

45
0.005116560972597762
1.7347755432128906
63.93678575860915
84.22024536132812
3:51:00
1.5344215631484985
67.656
88.15399932861328
0:06:08

46
0.005116560972597762
1.7469927072525024
63.78793709172965
84.0351791381836
3:51:10
1.5318247079849243
67.71000000000001
88.0459976196289
0:06:08

47
0.004963064143419829
1.7164766788482666
64.303248522636
84.486328125
3:50:51
1.5507367849349976
67.71600000000001
88.11000061035156
0:06:08

48
0.004963064143419829
1.7068957090377808
64.4963537150114
84.56875610351562
3:51:02
1.5046710968017578
68.266
88.4939956665039
0:06:07

49
0.004814172219117233
1.6939339637756348
64.80560301662469
84.77942657470703
3:51:22
1.5210835933685303
68.174
88.28199768066406
0:06:08

50
0.004814172219117233
1.6874226331710815
64.9661597590322
84.89033508300781
3:51:14
1.5107773542404175
68.096
88.42399597167969
0:06:08

51
0.004669747052543716
1.6745071411132812
65.23489911931856
85.00476837158203
3:50:21
1.493048071861267
68.706
88.76799774169922
0:06:08

52
0.004669747052543716
1.6696854829788208
65.29125398952674
85.06705474853516
3:50:27
1.4993990659713745
68.66000000000001
88.5260009765625
0:06:09

53
0.004529654640967404
1.6604796648025513
65.54453869011611
85.20816802978516
3:51:39
1.4861834049224854
68.83600000000001
88.73600006103516
0:06:07

54
0.004529654640967404
1.6506532430648804
65.74529315850315
85.33126068115234
3:51:28
2.374986410140991
54.04600000000001
76.87000274658203
0:06:08

55
0.004393765001738382
1.6428351402282715
65.90046418616777
85.45053100585938
3:50:23
1.5033706426620483
68.47200000000001
88.60600280761719
0:06:07

56
0.004393765001738382
1.633180856704712
66.07702196513023
85.57408905029297
3:50:08
1.5256136655807495
68.51400000000001
88.61799621582031
0:06:09

57
0.00426195205168623
1.6246695518493652
66.26239982765712
85.71427154541016
3:51:06
1.478506088256836
69.132
88.88399505615234
0:06:08

58
0.00426195205168623
1.6167203187942505
66.4221760316961
85.79193878173828
3:50:44
1.4821686744689941
69.32400000000001
88.8759994506836
0:06:07

59
0.004134093490135643
1.6063004732131958
66.6817830930706
85.958740234375
3:50:40
1.468186855316162
69.17000000000002
88.93599700927734
0:06:08

60
0.004134093490135643
1.6027476787567139
66.75000214648051
85.9687271118164
3:50:43
1.479015588760376
69.274
88.95999908447266
0:06:06

61
0.004010070685431574
1.5914595127105713
66.96816262048586
86.14411163330078
3:51:26
1.484149694442749
69.11200000000001
88.9000015258789
0:06:04

62
0.004010070685431574
1.5855445861816406
67.11740155654962
86.21717834472656
3:51:17
1.4669830799102783
69.492
89.1919937133789
0:06:08

63
0.0038897685648686263
1.5783145427703857
67.26242558542329
86.28421783447266
3:50:15
1.4873102903366089
69.24600000000001
88.95399475097656
0:06:07

64
0.0038897685648686263
1.572669506072998
67.35328025152069
86.36266326904297
3:50:11
1.466120719909668
69.808
89.20600128173828
0:06:08

65
0.0037730755079225676
1.5629819631576538
67.54771235912258
86.48263549804688
3:51:22
1.4567302465438843
69.54
89.15399932861328
0:06:06

66
0.0037730755079225676
1.5575298070907593
67.70210284841866
86.55936431884766
3:51:31
1.4636391401290894
69.59
89.18599700927734
0:06:09

67
0.0036598832426848905
1.551195502281189
67.8391653859333
86.61914825439453
3:50:37
1.4897569417953491
69.554
89.16199493408203
0:06:08

68
0.0036598832426848905
1.5456678867340088
67.94297698894836
86.70930480957031
3:50:15
1.465265154838562
69.688
89.30400085449219
0:06:07

69
0.0035500867454043438
1.5387344360351562
68.1326478125022
86.76854705810547
3:51:15
1.4563148021697998
69.69800000000001
89.19999694824219
0:06:09

70
0.0035500867454043438
1.5324838161468506
68.28165258705539
86.85783386230469
3:50:51
1.449529767036438
69.806
89.41400146484375
0:06:03

71
0.0034435841430422135
1.5250194072723389
68.42972071556636
86.96922302246094
3:50:46
1.459827184677124
70.15
89.33999633789062
0:06:07

72
0.0034435841430422135
1.5153651237487793
68.59019940413701
87.11198425292969
3:50:41
1.443189024925232
70.066
89.41999816894531
0:06:08

73
0.003340276618750947
1.5119900703430176
68.70556297500639
87.12150573730469
3:51:16
1.4332596063613892
70.184
89.58399963378906
0:06:09

74
0.003340276618750947
1.5065842866897583
68.82841971421368
87.21548461914062
3:51:27
1.4495214223861694
70.074
89.36799621582031
0:06:08

75
0.0032400683201884183
1.5003639459609985
68.94729570774146
87.27301025390625
3:50:32
1.4505529403686523
70.284
89.47599792480469
0:06:07

76
0.0032400683201884183
1.4959712028503418
69.03783815849144
87.33856964111328
3:50:05
1.4372315406799316
70.078
89.50199127197266
0:06:08

77
0.0031428662705827656
1.4880613088607788
69.20120483902566
87.42208862304688
3:51:03
1.4630637168884277
69.896
89.32199096679688
0:06:05

78
0.0031428662705827656
1.482928991317749
69.28003921424764
87.51380157470703
3:51:29
1.4350467920303345
70.174
89.55599975585938
0:06:09

79
0.0030485802824652825
1.4759243726730347
69.54105124468552
87.6205825805664
3:50:49
1.436305284500122
70.54800000000002
89.51199340820312
0:06:07

80
0.0030485802824652825
1.4718176126480103
69.53988043713271
87.63658142089844
3:50:18
1.4256377220153809
70.54
89.61799621582031
0:06:08

81
0.0029571228739913237
1.4641371965408325
69.7068375941622
87.73625946044922
3:50:41
1.444093108177185
70.50800000000001
89.48999786376953
0:06:08

82
0.0029571228739913237
1.4631186723709106
69.81509826587791
87.7540512084961
3:50:32
1.5343044996261597
68.748
88.51399993896484
0:06:08

83
0.002868409187771584
1.4556021690368652
69.93420842091625
87.85076141357422
3:50:49
1.4544912576675415
69.924
89.26000213623047
0:06:08

84
0.002868409187771584
1.4521634578704834
70.02974631722483
87.8729248046875
3:50:40
2.000335216522217
67.02
86.53599548339844
0:06:07

85
0.0027823569121384365
1.444127082824707
70.1855417755843
87.99742126464844
3:50:59
1.4532005786895752
70.438
89.50199127197266
0:05:41

86
0.0027823569121384365
1.4426307678222656
70.203806373408
87.9690933227539
3:51:21
1.4375826120376587
70.586
89.58999633789062
0:05:22

87
0.002698886204774283
1.4339860677719116
70.40385835726333
88.07617950439453
3:51:28
1.4371219873428345
70.626
89.66799926757812
0:05:14

88
0.002698886204774283
1.4316298961639404
70.41556643279135
88.13488006591797
3:51:06
1.4859871864318848
70.152
89.33999633789062
0:05:06

89
0.0026179196186310546
1.4243565797805786
70.58603601247924
88.1944351196289
3:52:00
1.4435852766036987
70.306
89.62199401855469
0:05:00

90
0.0026179196186310546
1.4214136600494385
70.69133063839452
88.26124572753906
3:52:22
1.4242132902145386
70.75
89.61199188232422
0:04:58

91
0.002539382030072123
1.4176477193832397
70.7510418235874
88.2926254272461
3:52:06
1.4870997667312622
69.456
88.89199829101562
0:04:55

92
0.002539382030072123
1.4122910499572754
70.88029897741669
88.34874725341797
3:51:25
1.424153447151184
70.916
89.7699966430664
0:04:53

93
0.002463200569169959
1.4062243700027466
71.03523584357075
88.43281555175781
3:51:35
1.4252598285675049
70.778
89.65999603271484
0:04:53

94
0.002463200569169959
1.4008625745773315
71.09533729794789
88.52608489990234
3:51:41
1.4358229637145996
70.876
89.73799896240234
0:04:36

95
0.0023893045520948604
1.399397611618042
71.17346918863817
88.52420806884766
3:51:56
1.4295361042022705
70.876
89.7719955444336
0:04:16

96
0.0023893045520948604
1.3945775032043457
71.24075159600582
88.56550598144531
3:52:09
1.4329853057861328
70.82400000000001
89.85799407958984
0:04:00

97
0.0023176254155320144
1.3889822959899902
71.36852572693489
88.64191436767578
3:52:11
1.436389446258545
70.74000000000001
89.7439956665039
0:03:50

98
0.0023176254155320144
1.3840434551239014
71.49161662765276
88.71131134033203
3:52:36
1.430206537246704
70.68
89.71399688720703
0:03:43

99
0.002248096653066054
1.379246473312378
71.59386715393076
88.78498840332031
3:52:26
1.4737757444381714
70.44
89.48199462890625
0:03:38

100
0.002248096653066054
1.3786653280258179
71.60619966015359
88.78046417236328
1:57:22
1.4200631380081177
71.03600000000002
89.96599578857422
0:01:50

