1
0.01
5.71871280670166
5.664054725106095
15.888482093811035
3:51:08
5.494408130645752
8.042
21.601999282836914
0:03:57

2
0.01
4.39400577545166
17.6942584378149
38.559844970703125
3:51:11
3.9835000038146973
22.896
46.72999954223633
0:04:00

3
0.0097
3.7466983795166016
26.78862318495559
50.952762603759766
3:50:57
3.3775486946105957
31.486000000000004
58.09000015258789
0:04:07

4
0.0097
3.378791332244873
32.726100500559255
57.80190658569336
3:52:20
3.131934404373169
35.442
62.25199890136719
0:04:20

5
0.009409
3.1216578483581543
37.07822633583287
62.32176971435547
3:52:28
2.7517428398132324
42.48800000000001
68.57799530029297
0:04:39

6
0.009409
2.9394562244415283
40.30442557449575
65.50550842285156
3:51:37
2.7197299003601074
43.574
69.45999908447266
0:04:51

7
0.00912673
2.7976481914520264
42.84086305688486
67.94422149658203
3:51:01
2.3962528705596924
49.222
74.8239974975586
0:04:49

8
0.00912673
2.687283992767334
44.920841701355094
69.77833557128906
3:52:13
2.3174996376037598
50.83800000000001
76.33599853515625
0:04:52

9
0.008852928099999999
2.585052013397217
46.80006587743831
71.41316986083984
3:51:47
2.239741325378418
51.970000000000006
77.45999908447266
0:04:53

10
0.008852928099999999
2.5108120441436768
48.26443391064553
72.61270141601562
3:51:48
2.3433938026428223
50.81400000000001
75.8499984741211
0:04:54

11
0.008587340256999998
2.4430272579193115
49.56879157830322
73.71302795410156
3:51:58
2.1179230213165283
54.784
79.16400146484375
0:04:57

12
0.008587340256999998
2.381953716278076
50.72796910941353
74.66801452636719
3:52:12
2.038736343383789
56.342000000000006
80.62399291992188
0:05:01

13
0.008329720049289998
2.3245275020599365
51.86794539665789
75.54495239257812
3:52:04
2.0990936756134033
55.572
79.53800201416016
0:05:08

14
0.008329720049289998
2.278052806854248
52.8053719772676
76.26625061035156
3:51:06
1.9111891984939575
59.276
82.41799926757812
0:05:16

15
0.008079828447811297
2.231093168258667
53.714074745915255
77.01361083984375
3:50:45
1.9223695993423462
58.74
82.2699966430664
0:05:30

16
0.008079828447811297
2.1977150440216064
54.33444664122632
77.48060607910156
3:51:26
1.8450661897659302
60.546
83.43399810791016
0:05:51

17
0.007837433594376959
2.157177448272705
55.14729929821796
78.1108169555664
3:51:28
1.8515645265579224
60.64200000000001
83.44400024414062
0:06:02

18
0.007837433594376959
2.1253838539123535
55.77407160815101
78.62042999267578
3:50:58
1.8267936706542969
60.758
83.7300033569336
0:06:02

19
0.00760231058654565
2.09285044670105
56.49630376055581
79.08290100097656
3:50:32
1.8106484413146973
61.184000000000005
83.80999755859375
0:05:51

20
0.00760231058654565
2.0661516189575195
57.02168413641625
79.48182678222656
3:51:19
1.7845224142074585
61.756
84.447998046875
0:05:46

21
0.0073742412689492805
2.037827730178833
57.597799506231425
79.88911437988281
3:51:16
1.7260128259658813
63.07600000000001
85.1919937133789
0:06:08

22
0.0073742412689492805
2.0134658813476562
58.13769789574661
80.26673889160156
3:51:01
1.739568829536438
62.978
84.96199798583984
0:06:02

23
0.007153014030880802
1.986060380935669
58.70085632864412
80.64397430419922
3:50:57
1.6814241409301758
64.122
85.94999694824219
0:06:06

24
0.007153014030880802
1.9655216932296753
59.04249797255159
80.94143676757812
3:51:26
1.6913481950759888
64.03000000000002
85.67399597167969
0:06:05

25
0.006938423609954378
1.9402838945388794
59.576152055118506
81.31336212158203
3:51:27
1.6719207763671875
64.238
85.84400177001953
0:06:02

26
0.006938423609954378
1.9214081764221191
59.92552102887445
81.5694580078125
3:50:59
1.6700438261032104
64.32000000000001
86.06199645996094
0:05:36

27
0.006730270901655747
1.8996984958648682
60.42264591579396
81.89018249511719
3:50:33
1.6505545377731323
64.72
86.30599975585938
0:06:09

28
0.006730270901655747
1.8848167657852173
60.71160121982536
82.1056137084961
3:51:15
1.6530060768127441
64.796
86.14999389648438
0:06:01

29
0.006528362774606074
1.8676716089248657
61.100309327355454
82.32205200195312
3:51:13
1.6038599014282227
65.62400000000001
86.88600158691406
0:06:06

30
0.006528362774606074
1.8519185781478882
61.40518761410495
82.56729888916016
3:51:24
1.6224610805511475
65.50200000000001
86.61599731445312
0:06:04

31
0.006332511891367892
1.8303263187408447
61.87991104984752
82.89450073242188
3:50:46
1.589402198791504
66.21000000000001
87.16999816894531
0:06:08

32
0.006332511891367892
1.8177350759506226
62.097134877810625
83.09486389160156
3:50:49
1.6025986671447754
65.94800000000001
87.01200103759766
0:06:06

33
0.006142536534626855
1.801355242729187
62.453918966067654
83.26518249511719
3:50:39
1.606900930404663
65.75000000000001
86.74800109863281
0:05:53

34
0.006142536534626855
1.7881202697753906
62.75364569958484
83.47022247314453
3:50:48
1.5660724639892578
66.694
87.54999542236328
0:06:05

35
0.005958260438588049
1.7711952924728394
63.06117781678735
83.71812438964844
3:51:14
1.5613529682159424
66.79
87.55999755859375
0:05:35

36
0.005958260438588049
1.759124517440796
63.3410008219069
83.88125610351562
3:51:31
1.5560446977615356
66.99400000000001
87.50799560546875
0:06:03

37
0.005779512625430407
1.74217689037323
63.65571389209994
84.10831451416016
3:51:53
1.5445303916931152
67.2
87.78199768066406
0:06:04

38
0.005779512625430407
1.7402822971343994
63.71737642321415
84.14344024658203
3:51:39
1.5355271100997925
67.46600000000001
87.947998046875
0:06:07

39
0.005606127246667494
1.7201441526412964
64.17726962995457
84.41226196289062
3:50:45
1.533005952835083
67.58200000000001
87.88799285888672
0:06:08

40
0.005606127246667494
1.7097415924072266
64.36803320722436
84.56438446044922
3:51:05
1.5597330331802368
67.27000000000001
87.52799987792969
0:06:05

41
0.005437943429267469
1.694219946861267
64.69570321433505
84.7599105834961
3:52:06
1.5210672616958618
67.926
88.13999938964844
0:06:05

42
0.005437943429267469
1.6855782270431519
64.85625995674256
84.86621856689453
3:51:31
1.5639711618423462
67.402
87.7699966430664
0:06:07

43
0.005274805126389445
1.673937439918518
65.10431505026277
85.03700256347656
3:50:14
1.4994378089904785
68.308
88.343994140625
0:06:06

44
0.005274805126389445
1.6668009757995605
65.27166247647652
85.1219253540039
3:50:21
1.4922780990600586
68.42800000000001
88.48399353027344
0:06:05

45
0.005116560972597762
1.6512058973312378
65.57076477929887
85.32376861572266
3:51:00
1.5188097953796387
67.914
88.23999786376953
0:06:08

46
0.005116560972597762
1.6431405544281006
65.71446189294605
85.42992401123047
3:51:10
1.5016188621520996
68.02600000000001
88.38799285888672
0:06:08

47
0.004963064143419829
1.6333379745483398
65.92231926048673
85.59266662597656
3:50:51
1.5289602279663086
67.82800000000002
88.14199829101562
0:06:08

48
0.004963064143419829
1.6228992938995361
66.20588884977523
85.73253631591797
3:51:02
1.5215882062911987
67.996
88.14399719238281
0:06:07

49
0.004814172219117233
1.6145403385162354
66.35114704015947
85.81480407714844
3:51:22
1.5108054876327515
68.69200000000001
88.55999755859375
0:06:08

50
0.004814172219117233
1.6046684980392456
66.5470621706616
85.98847198486328
3:51:14
1.4893485307693481
68.684
88.54999542236328
0:06:08

51
0.004669747052543716
1.595818042755127
66.799800494393
86.06051635742188
3:50:21
1.4826585054397583
68.952
88.74799346923828
0:06:08

52
0.004669747052543716
1.588790774345398
66.90283155903953
86.1836166381836
3:50:26
1.4883723258972168
68.98200000000001
88.72799682617188
0:06:09

53
0.004529654640967404
1.580610990524292
67.12661190929832
86.30388641357422
3:51:39
1.4697753190994263
69.15
88.76599884033203
0:06:08

54
0.004529654640967404
1.5701984167099
67.28802724391122
86.43244171142578
3:51:28
1.467543601989746
69.24600000000001
88.9260025024414
0:06:08

55
0.004393765001738382
1.5626029968261719
67.43703201846442
86.51580810546875
3:50:23
1.465907096862793
69.374
88.90999603271484
0:06:07

56
0.004393765001738382
1.5558761358261108
67.62787364957106
86.59425354003906
3:50:08
1.4780399799346924
69.11200000000001
88.9739990234375
0:06:09

57
0.00426195205168623
1.5463320016860962
67.82433515693114
86.74067687988281
3:51:06
1.4796314239501953
69.42
88.95999908447266
0:06:08

58
0.00426195205168623
1.5406920909881592
67.96459790175676
86.8138198852539
3:50:44
1.4643534421920776
69.49000000000001
88.91399383544922
0:06:07

59
0.004134093490135643
1.529650330543518
68.16457183177525
86.93791961669922
3:50:40
1.455461859703064
69.476
89.15799713134766
0:06:08

60
0.004134093490135643
1.5266649723052979
68.27228612663299
86.965087890625
3:50:43
1.4723520278930664
69.33800000000001
89.0459976196289
0:06:06

61
0.004010070685431574
1.5168085098266602
68.44244349097347
87.09988403320312
3:51:27
1.5155991315841675
69.44
88.91600036621094
0:06:04

62
0.004010070685431574
1.5098751783370972
68.57958408232494
87.21314239501953
3:51:16
1.4607810974121094
69.69000000000001
89.00599670410156
0:06:08

63
0.0038897685648686263
1.5038774013519287
68.73459900231586
87.25794219970703
3:50:15
1.447200894355774
70.00200000000001
89.11799621582031
0:06:07

64
0.0038897685648686263
1.4971100091934204
68.83638120557272
87.35636901855469
3:50:11
1.433666706085205
70.122
89.32199096679688
0:06:08

65
0.0037730755079225676
1.4885737895965576
69.12432180972505
87.46236419677734
3:51:22
1.4433012008666992
69.96000000000001
89.2919921875
0:06:06

66
0.0037730755079225676
1.48362398147583
69.15694831352978
87.54471588134766
3:51:31
1.450016736984253
69.98200000000001
89.25199890136719
0:06:09

67
0.0036598832426848905
1.476630449295044
69.36059077388038
87.60614013671875
3:50:37
1.4402341842651367
70.102
89.2760009765625
0:06:08

68
0.0036598832426848905
1.471389651298523
69.42685848136894
87.67716979980469
3:50:15
1.4295315742492676
70.32400000000001
89.39199829101562
0:06:07

69
0.0035500867454043438
1.4651620388031006
69.55478871997171
87.77606201171875
3:51:15
1.7520532608032227
64.51800000000001
85.66199493408203
0:06:09

70
0.0035500867454043438
1.4605475664138794
69.67608438244196
87.80268096923828
3:50:51
1.4364993572235107
70.19800000000001
89.42799377441406
0:06:03

71
0.0034435841430422135
1.4504542350769043
69.88839081868328
87.9651107788086
3:50:46
1.4333148002624512
70.034
89.45999908447266
0:06:07

72
0.0034435841430422135
1.4484957456588745
69.9264030372309
87.9417724609375
3:50:41
1.451669454574585
70.096
89.4000015258789
0:06:08

73
0.003340276618750947
1.439152717590332
70.14347075752029
88.09928894042969
3:51:16
1.4262681007385254
70.376
89.5479965209961
0:06:09

74
0.003340276618750947
1.4332467317581177
70.23268629304377
88.17991638183594
3:51:28
1.4453604221343994
70.20200000000001
89.41999816894531
0:06:08

75
0.0032400683201884183
1.426953911781311
70.42946001575126
88.27349853515625
3:50:31
1.4267462491989136
70.52000000000001
89.62000274658203
0:06:07

76
0.0032400683201884183
1.4236136674880981
70.44702212904329
88.27787780761719
3:50:05
1.4249622821807861
70.61200000000001
89.55000305175781
0:06:08

77
0.0031428662705827656
1.41425359249115
70.65019626637277
88.4039306640625
3:51:03
1.4251676797866821
70.40400000000001
89.55199432373047
0:06:05

78
0.0031428662705827656
1.4139230251312256
70.68016893972448
88.4083023071289
3:51:29
1.4639478921890259
69.81200000000001
89.18000030517578
0:06:09

79
0.0030485802824652825
1.4045826196670532
70.8792842775376
88.5401382446289
3:50:49
1.4263237714767456
70.372
89.56999969482422
0:06:07

80
0.0030485802824652825
1.4019073247909546
70.94297620840999
88.52265167236328
3:50:19
1.4333969354629517
70.43
89.56199645996094
0:06:07

81
0.0029571228739913237
1.392991542816162
71.15169216815606
88.68016052246094
3:50:41
1.4208468198776245
70.71600000000001
89.7239990234375
0:06:08

82
0.0029571228739913237
1.391337513923645
71.15629734453042
88.67485809326172
3:50:32
1.417988657951355
70.632
89.63799285888672
0:06:08

83
0.002868409187771584
1.3897614479064941
71.21655490658127
88.69249725341797
3:50:49
1.4412380456924438
70.61
89.62000274658203
0:06:08

84
0.002868409187771584
1.3800054788589478
71.45454105514737
88.83291625976562
3:50:40
1.4282355308532715
70.822
89.63600158691406
0:06:06

85
0.0027823569121384365
1.3760191202163696
71.47717666783487
88.87217712402344
3:50:59
1.4261548519134521
70.656
89.60199737548828
0:05:41

86
0.0027823569121384365
1.373583436012268
71.5926182925411
88.89324951171875
3:51:21
1.4280036687850952
70.57600000000001
89.63999938964844
0:05:22

87
0.002698886204774283
1.3678799867630005
71.69518103416651
88.9730224609375
3:51:28
1.4151548147201538
70.858
89.75
0:05:14

88
0.002698886204774283
1.3663476705551147
71.77479594775701
88.95873260498047
3:51:06
1.4222769737243652
70.838
89.62999725341797
0:05:06

89
0.0026179196186310546
1.3590590953826904
71.87774895856668
89.08940124511719
3:52:00
1.4194177389144897
70.896
89.76599884033203
0:05:00

90
0.0026179196186310546
1.3534317016601562
72.0215241260507
89.13162231445312
3:52:22
1.4178632497787476
70.79
89.7300033569336
0:04:58

91
0.002539382030072123
1.3484678268432617
72.1375121276149
89.1964111328125
3:52:06
1.4202057123184204
70.968
89.62799835205078
0:04:55

92
0.002539382030072123
1.3455603122711182
72.18645188332201
89.22013854980469
3:51:25
1.4243762493133545
71.01400000000001
89.78599548339844
0:04:53

93
0.002463200569169959
1.3401086330413818
72.3078255996291
89.28609466552734
3:51:35
1.4251134395599365
70.748
89.78199768066406
0:04:53

94
0.002463200569169959
1.3397440910339355
72.34646224887153
89.28843688964844
3:51:41
1.4254785776138306
70.9
89.72799682617188
0:04:36

95
0.0023893045520948604
1.3329524993896484
72.43747302264264
89.36695861816406
3:51:56
1.4222955703735352
70.85600000000001
89.7760009765625
0:04:16

96
0.0023893045520948604
1.3296388387680054
72.50413099931546
89.41160583496094
3:52:09
1.4264799356460571
70.84400000000001
89.65999603271484
0:04:00

97
0.0023176254155320144
1.3223377466201782
72.69395793054302
89.51276397705078
3:52:11
1.4164247512817383
71.09200000000001
89.85199737548828
0:03:50

98
0.0023176254155320144
1.3225282430648804
72.6981728377331
89.512451171875
3:52:36
1.4264159202575684
70.97800000000001
89.76799774169922
0:03:43

99
0.002248096653066054
1.3160507678985596
72.84452378183329
89.57434844970703
3:52:26
1.4071084260940552
70.916
89.8219985961914
0:03:38

100
0.002248096653066054
1.3123074769973755
72.91968962672314
89.621337890625
1:57:22
1.416064977645874
70.924
89.8239974975586
0:01:50

