1
0.01
5.478611469268799
7.742082023654996
19.913562774658203
3:50:19
5.615823745727539
8.296000000000001
22.149999618530273
0:04:05

2
0.01
4.095617294311523
22.089704152542176
44.371341705322266
3:50:36
3.8872992992401123
23.712000000000003
48.74599838256836
0:04:17

3
0.0097
3.481264352798462
31.31988257580784
55.93876266479492
3:50:09
3.131269931793213
35.54600000000001
62.2239990234375
0:04:21

4
0.0097
3.137592315673828
37.061991137767365
62.020015716552734
3:51:09
3.0665571689605713
38.154
64.2919921875
0:04:39

5
0.009409
2.9001028537750244
41.3222476070645
66.1796646118164
3:50:43
2.6084110736846924
45.48800000000001
71.44400024414062
0:05:08

6
0.009409
2.7366068363189697
44.26987270199748
68.88734436035156
3:48:50
2.5569307804107666
46.534000000000006
72.32799530029297
0:05:21

7
0.00912673
2.599245309829712
46.77657167254542
71.14404296875
3:47:34
2.2825398445129395
51.650000000000006
76.63600158691406
0:05:20

8
0.00912673
2.496145248413086
48.77389130378788
72.8010482788086
3:48:44
2.28617525100708
51.446000000000005
76.5999984741211
0:05:23

9
0.008852928099999999
2.4043262004852295
50.45524900344763
74.26557159423828
3:48:24
2.208120346069336
53.43600000000001
77.93399810791016
0:05:25

10
0.008852928099999999
2.335477113723755
51.82946485508915
75.33545684814453
3:48:24
2.0508642196655273
56.412000000000006
80.21800231933594
0:05:23

11
0.008587340256999998
2.2629594802856445
53.25176187023237
76.45857238769531
3:48:37
1.9958828687667847
57.652
81.19200134277344
0:05:21

12
0.008587340256999998
2.2101593017578125
54.30478618322202
77.29586029052734
3:48:49
1.9790877103805542
57.84
81.53199768066406
0:05:21

13
0.008329720049289998
2.15679931640625
55.32830614588106
78.0715560913086
3:48:52
1.9447344541549683
58.506
81.86000061035156
0:05:21

14
0.008329720049289998
2.113391876220703
56.21203168673561
78.71565246582031
3:48:08
1.9732338190078735
57.996
81.52999877929688
0:05:21

15
0.008079828447811297
2.069314479827881
57.111446048797696
79.39815521240234
3:47:50
1.823156476020813
60.76200000000001
83.6719970703125
0:05:21

16
0.008079828447811297
2.032604455947876
57.822048179511334
79.93610382080078
3:48:38
1.8146941661834717
61.42000000000001
83.58599853515625
0:05:21

17
0.007837433594376959
1.993958592414856
58.66932257855534
80.49942016601562
3:49:15
1.7850960493087769
61.88600000000001
84.19400024414062
0:05:28

18
0.007837433594376959
1.9627646207809448
59.23817894154314
80.97148895263672
3:48:56
1.8188283443450928
61.524
83.86799621582031
0:05:20

19
0.00760231058654565
1.9310497045516968
59.904602600597734
81.43372344970703
3:48:29
1.8113303184509277
61.45
84.37799835205078
0:05:21

20
0.00760231058654565
1.904670238494873
60.41905543929871
81.78972625732422
3:49:10
1.7498810291290283
62.816
85.02400207519531
0:05:21

21
0.0073742412689492805
1.875009298324585
61.02241159817573
82.22744750976562
3:49:38
1.684197187423706
64.044
85.71399688720703
0:05:21

22
0.0073742412689492805
1.8521634340286255
61.45966919222865
82.53436279296875
3:48:49
1.703403353691101
63.97200000000001
85.39199829101562
0:05:22

23
0.007153014030880802
1.8277915716171265
61.97693196905634
82.88716125488281
3:48:51
1.705670952796936
63.690000000000005
85.32599639892578
0:05:22

24
0.007153014030880802
1.807525634765625
62.424882938758174
83.15910339355469
3:49:07
1.6476184129714966
65.068
86.2459945678711
0:05:22

25
0.006938423609954378
1.7829296588897705
62.90452376622252
83.53095245361328
3:49:23
1.6551272869110107
64.914
86.22200012207031
0:05:21

26
0.006938423609954378
1.7658679485321045
63.34388881387048
83.74435424804688
3:49:09
1.6179057359695435
65.736
86.75399780273438
0:05:20

27
0.006730270901655747
1.7447080612182617
63.71940582297234
84.07569122314453
3:48:54
1.6147266626358032
65.644
86.67999267578125
0:05:25

28
0.006730270901655747
1.72822105884552
64.05503732144209
84.28299713134766
3:48:54
1.624913215637207
65.464
86.5719985961914
0:05:21

29
0.006528362774606074
1.7084667682647705
64.49713425337993
84.54580688476562
3:49:02
1.600346565246582
66.12800000000001
87.0979995727539
0:05:20

30
0.006528362774606074
1.6932404041290283
64.8583674103376
84.78402709960938
3:49:18
1.608902096748352
65.666
86.843994140625
0:05:21

31
0.006332511891367892
1.676674485206604
65.1905645399858
84.99961853027344
3:48:57
1.58876371383667
66.50200000000001
87.28399658203125
0:05:36

32
0.006332511891367892
1.663780927658081
65.41934033580323
85.19029235839844
3:48:20
1.5545799732208252
67.162
87.70399475097656
0:05:22

33
0.006142536534626855
1.6442233324050903
65.81023395076521
85.42601776123047
3:48:52
1.562765121459961
66.97800000000001
87.53599548339844
0:05:20

34
0.006142536534626855
1.631790041923523
66.13501596591233
85.5857162475586
3:48:41
1.6595730781555176
65.10400000000001
86.06800079345703
0:05:21

35
0.005958260438588049
1.6170309782028198
66.43037168456571
85.83229064941406
3:48:49
1.5698461532592773
66.918
87.4739990234375
0:05:22

36
0.005958260438588049
1.6068888902664185
66.68326611597082
85.94515991210938
3:49:39
1.5660426616668701
66.968
87.60199737548828
0:05:21

37
0.005779512625430407
1.590999960899353
67.00867256181279
86.14567565917969
3:49:57
1.5564501285552979
67.152
87.63399505615234
0:05:22

38
0.005779512625430407
1.5790560245513916
67.24400487992588
86.29179382324219
3:49:46
1.524154782295227
67.846
88.15399932861328
0:05:22

39
0.005606127246667494
1.5668939352035522
67.51766163193402
86.44095611572266
3:48:46
1.565524697303772
67.59
87.6939926147461
0:05:22

40
0.005606127246667494
1.555228590965271
67.79568939880593
86.5972900390625
3:48:27
1.5326741933822632
67.73800000000001
88.11599731445312
0:05:33

41
0.005437943429267469
1.5439367294311523
68.01018134247916
86.77963256835938
3:49:53
1.51665198802948
68.33800000000001
88.45199584960938
0:05:22

42
0.005437943429267469
1.5338459014892578
68.24044016119679
86.9120101928711
3:49:54
1.550986886024475
67.49000000000001
87.75999450683594
0:05:30

43
0.005274805126389445
1.5209438800811768
68.53470312613422
87.09645080566406
3:48:28
1.5112802982330322
68.20200000000001
88.26200103759766
0:05:21

44
0.005274805126389445
1.5113940238952637
68.71898823494517
87.18270111083984
3:47:51
1.5050779581069946
68.75800000000001
88.45600128173828
0:05:22

45
0.005116560972597762
1.4989594221115112
69.00396279329705
87.37861633300781
3:48:51
1.513541340827942
68.638
88.47999572753906
0:05:21

46
0.005116560972597762
1.4913166761398315
69.14898682217073
87.46510314941406
3:48:47
1.502240777015686
68.53800000000001
88.38399505615234
0:05:21

47
0.004963064143419829
1.479918360710144
69.39126593176378
87.60809326171875
3:48:48
1.5064924955368042
68.606
88.41399383544922
0:05:20

48
0.004963064143419829
1.4718817472457886
69.60505539090532
87.72439575195312
3:48:42
1.494185447692871
68.82400000000001
88.48199462890625
0:05:22

49
0.004814172219117233
1.4628345966339111
69.78941855355313
87.8075180053711
3:49:07
1.485757827758789
69.08200000000001
88.8219985961914
0:05:22

50
0.004814172219117233
1.4542884826660156
70.00906205045868
87.90992736816406
3:49:07
1.5197160243988037
68.61
88.43000030517578
0:05:32

51
0.004669747052543716
1.4420971870422363
70.24025751521854
88.09819030761719
3:48:38
1.491161823272705
69.22200000000001
88.83799743652344
0:05:30

52
0.004669747052543716
1.4372390508651733
70.35445027853513
88.16719055175781
3:48:13
1.5032360553741455
68.81
88.70199584960938
0:05:23

53
0.004529654640967404
1.4262166023254395
70.59329501930661
88.28802490234375
3:48:52
1.4879666566848755
69.062
88.83799743652344
0:05:21

54
0.004529654640967404
1.4197101593017578
70.74144120165442
88.38262176513672
3:49:23
1.4852068424224854
69.394
88.97200012207031
0:05:27

55
0.004393765001738382
1.4075461626052856
71.00167269372378
88.54825592041016
3:48:53
1.4789061546325684
69.53600000000002
88.97200012207031
0:05:23

56
0.004393765001738382
1.40244722366333
71.104859866044
88.59703826904297
3:48:07
1.478929042816162
69.164
89.02999877929688
0:05:24

57
0.00426195205168623
1.3923557996749878
71.32372282458103
88.7365951538086
3:48:29
1.490119218826294
69.566
88.9679946899414
0:05:21

58
0.00426195205168623
1.3857976198196411
71.43604229581312
88.8043441772461
3:48:38
1.4796255826950073
69.40200000000002
89.01000213623047
0:05:20

59
0.004134093490135643
1.3777544498443604
71.65623216957664
88.89005279541016
3:48:32
1.5160670280456543
69.028
88.7959976196289
0:05:21

60
0.004134093490135643
1.3738571405410767
71.76363424908696
88.94359588623047
3:48:30
1.4734958410263062
69.614
89.03199768066406
0:05:20

61
0.004010070685431574
1.3620468378067017
72.01691894967635
89.11741638183594
3:48:50
1.4721312522888184
69.342
89.06199645996094
0:05:21

62
0.004010070685431574
1.3546360731124878
72.18114422241597
89.19047546386719
3:49:09
1.5036665201187134
69.078
88.86799621582031
0:05:27

63
0.0038897685648686263
1.3482885360717773
72.32468522838943
89.28633117675781
3:48:58
1.4691952466964722
69.988
89.15599822998047
0:05:24

64
0.0038897685648686263
1.3443102836608887
72.418115671103
89.33003997802734
3:47:57
1.464210867881775
69.83600000000001
89.13799285888672
0:05:21

65
0.0037730755079225676
1.331943392753601
72.6425204520566
89.49082946777344
3:48:20
1.467673659324646
69.83
89.0999984741211
0:05:21

66
0.0037730755079225676
1.3318424224853516
72.6723370177346
89.47631072998047
3:49:17
1.4654474258422852
69.98
89.27799987792969
0:05:21

67
0.0036598832426848905
1.3210326433181763
72.9427155085949
89.57185363769531
3:49:15
1.4655731916427612
69.84
89.3239974975586
0:05:22

68
0.0036598832426848905
1.3168776035308838
73.05823518713798
89.67066192626953
3:48:11
1.4813467264175415
69.70400000000001
89.03199768066406
0:05:20

69
0.0035500867454043438
1.3088006973266602
73.20396170054333
89.77323150634766
3:48:06
1.4664405584335327
70.02000000000001
89.39599609375
0:05:22

70
0.0035500867454043438
1.3035888671875
73.32416460929761
89.80304718017578
3:49:07
1.47417414188385
70.00800000000001
89.27999877929688
0:05:22

71
0.0034435841430422135
1.297331690788269
73.5043909185922
89.8724365234375
3:48:49
1.4660769701004028
69.816
89.30199432373047
0:05:29

72
0.0034435841430422135
1.2927967309951782
73.58806463169907
89.91716003417969
3:48:33
1.4666603803634644
70.116
89.32799530029297
0:05:23

73
0.003340276618750947
1.2832542657852173
73.79740502213997
90.0419692993164
3:48:25
1.4772223234176636
69.90400000000001
89.26599884033203
0:05:22

74
0.003340276618750947
1.2783046960830688
73.92322780714771
90.13633728027344
3:49:14
1.457140564918518
70.10000000000001
89.42799377441406
0:05:21

75
0.0032400683201884183
1.2726730108261108
74.06122699070457
90.15483093261719
3:49:17
1.4735429286956787
70.33200000000001
89.36199188232422
0:05:21

76
0.0032400683201884183
1.2671808004379272
74.18041519957977
90.23936462402344
3:48:08
1.4694368839263916
70.19800000000001
89.50399780273438
0:05:21

77
0.0031428662705827656
1.2621866464614868
74.24949284519504
90.30548095703125
3:47:56
1.4682518243789673
69.992
89.35399627685547
0:05:29

78
0.0031428662705827656
1.258827805519104
74.38405765993036
90.32389831542969
3:49:04
1.4781553745269775
70.004
89.39399719238281
0:05:21

79
0.0030485802824652825
1.2517169713974
74.53797982620533
90.43426513671875
3:49:17
1.4715313911437988
70.322
89.3499984741211
0:05:23

80
0.0030485802824652825
1.2464343309402466
74.59495912710832
90.4878921508789
3:48:33
1.4509782791137695
70.416
89.39599609375
0:05:20

81
0.0029571228739913237
1.2416460514068604
74.725074873143
90.5307388305664
3:48:05
1.46586012840271
70.22800000000001
89.42399597167969
0:05:22

82
0.0029571228739913237
1.2364575862884521
74.83801877506991
90.6253433227539
3:48:31
1.4790972471237183
70.172
89.32199096679688
0:05:21

83
0.002868409187771584
1.2315089702606201
74.96696371355178
90.62924194335938
3:48:20
1.4641029834747314
70.4
89.36000061035156
0:05:22

84
0.002868409187771584
1.2283765077590942
75.06445295578172
90.69629669189453
3:48:36
1.4951817989349365
69.95
89.20199584960938
0:05:33

85
0.0027823569121384365
1.2205628156661987
75.21408216102975
90.75015258789062
3:48:36
1.470894694328308
70.614
89.51399993896484
0:05:21

86
0.0027823569121384365
1.2175031900405884
75.32515277087218
90.8047866821289
3:49:47
1.491169810295105
70.098
89.27399444580078
0:05:12

87
0.002698886204774283
1.21454918384552
75.39384014730321
90.85997009277344
3:50:34
1.471404790878296
70.272
89.32199096679688
0:05:04

88
0.002698886204774283
1.209548830986023
75.53230765388119
90.91398620605469
3:50:53
1.4616495370864868
70.506
89.40199279785156
0:04:59

89
0.0026179196186310546
1.2035897970199585
75.66414058432663
90.9777603149414
3:50:43
1.4685496091842651
70.676
89.43000030517578
0:04:56

90
0.0026179196186310546
1.199141025543213
75.76522030305183
91.01912689208984
3:51:45
1.4782679080963135
70.60000000000001
89.43199157714844
0:04:55

91
0.002539382030072123
1.1916776895523071
75.9214840844324
91.1251220703125
3:52:11
1.4779061079025269
70.474
89.43599700927734
0:04:54

92
0.002539382030072123
1.1886827945709229
75.95426669591085
91.15174102783203
3:51:59
1.492126226425171
70.468
89.33199310302734
0:04:52

93
0.002463200569169959
1.1866695880889893
76.07665511209701
91.14892578125
3:51:19
1.4787194728851318
70.516
89.5
0:04:51

94
0.002463200569169959
1.1845792531967163
76.09062674889378
91.18264770507812
3:51:32
1.4695007801055908
70.614
89.3759994506836
0:04:51

95
0.0023893045520948604
1.1769578456878662
76.24447086133189
91.25180053710938
3:51:38
1.4648480415344238
70.59
89.50799560546875
0:04:34

96
0.0023893045520948604
1.1751034259796143
76.30168432374546
91.2887954711914
3:51:56
1.4746553897857666
70.68
89.5199966430664
0:04:14

97
0.0023176254155320144
1.167907476425171
76.45857253582086
91.39339447021484
3:52:09
1.468809962272644
70.436
89.47799682617188
0:03:58

98
0.0023176254155320144
1.1650207042694092
76.59266902753505
91.4158706665039
3:52:11
1.4727877378463745
70.55
89.51000213623047
0:03:50

99
0.002248096653066054
1.162036657333374
76.65066302831715
91.45271301269531
3:52:36
1.4747313261032104
70.60400000000001
89.51199340820312
0:03:43

100
0.002248096653066054
1.1569931507110596
76.74471790172554
91.47776794433594
3:52:26
1.4687074422836304
70.56
89.64599609375
0:03:38

